2
2
1
3
2
4
3
5
4
6
6
8
6
9
6
9
10
10
8
12
12
11
12
12
15
14
14
14
14
17
17
16
17
19
19
22
16
24
21
20
20
20
28
22
26
21
24
28
23
31
23
30
28
28
32
28
31
30
27
36
29
32
31
39
33
38
36
36
37
35
35
38
38
39
45
40
41
42
35
43
46
47
47
41
43
43
49
48
47
39
52
47
50
49
50
53
50
56
47
64
45
52
56
56
58
51
61
60
56
56
55
57
63
57
65
68
58
65
60
58
67
66
59
64
65
66
62
72
78
68
59
74
69
66
69
72
69
76
76
70
80
71
78
75
75
78
80
82
83
80
79
76
75
78
87
74
80
85
85
86
82
83
86
96
87
80
90
92
83
96
86
92
98
95
88
88
92
95
87
86
106
96
93
105
94
99
102
93
94
101
98
106
100
98
105
102
97
110
100
103
104
108
101
112
107
106
109
120
107
111
110
111
105
118
116
105
116
109
118
126
114
115
124
115
114
119
122
116
133
128
122
119
123
125
112
125
128
120
120
117
132
116
136
134
124
118
140
133
140
119
137
131
140
129
137
130
135
130
132
140
136
129
135
136
144
142
146
148
130
138
136
141
148
145
143
149
145
146
152
141
143
136
150
151
154
144
160
151
159
152
143
158
150
156
146
152
158
160
173
161
159
151
165
157
159
164
164
150
158
168
158
158
159
160
168
170
175
166
161
159
183
163
179
182
167
174
168
180
178
174
167
184
162
182
178
181
177
179
183
179
174
169
178
191
187
165
168
186
191
181
181
187
188
174
191
205
179
188
180
179
185
185
191
187
197
189
197
192
192
192
199
212
207
182
198
208
199
180
214
188
202
198
187
204
197
216
215
206
208
210
208
184
220
206
206
214
209
208
203
210
207
209
201
231
213
212
222
206
214
201
218
207
228
196
223
213
214
216
229
208
215
225
228
217
228
226
218
244
214
223
229
222
233
224
232
226
231
246
222
226
223
217
237
237
220
219
246
239
231
248
227
241
248
231
237
243
229
261
237
250
230
248
255
232
249
250
254
250
240
236
264
250
244
249
253
247
235
238
250
265
238
271
253
268
257
252
256
264
255
258
265
259
259
255
265
262
253
262
266
268
272
263
255
263
265
255
265
260
272
264
273
276
267
266
276
273
273
266
270
277
264
268
289
275
262
276
284
281
263
288
268
287
272
274
274
272
282
286
279
284
279
277
278
274
282
294
289
290
305
281
295
299
287
288
287
286
285
300
285
279
283
295
289
299
288
299
312
291
274
330
286
311
301
315
309
289
296
300
310
314
290
299
295
317
308
311
324
310
296
320
320
318
315
301
313
289
302
329
317
309
311
321
281
327
313
333
304
334
316
331
329
308
315
324
338
308
317
332
309
335
319
330
334
312
322
339
333
307
335
331
332
331
323
343
341
329
323
349
350
315
342
321
326
342
345
353
346
325
344
342
348
349
343
339
343
356
337
363
349
345
359
358
346
330
352
329
359
345
347
352
351
345
359
354
348
343
346
346
356
371
361
341
359
356
374
368
342
355
360
368
360
351
387
367
375
353
354
371
387
349
377
356
363
371
363
363
372
391
382
350
361
379
380
383
378
370
380
380
387
377
361
400
391
368
362
397
374
400
385
395
376
380
391
390
386
373
385
400
387
385
407
384
399
399
379
386
390
378
364
408
391
397
412
391
412
407
393
392
411
385
400
390
396
403
407
399
397
393
409
395
402
411
403
400
401
413
401
419
394
417
423
402
412
411
402
413
408
408
433
390
396
433
416
417
407
408
441
420
443
425
393
424
410
441
414
413
413
415
417
424
423
418
421
442
426
417
435
436
411
438
422
433
437
430
416
423
440
443
430
441
421
426
427
443
432
436
438
438
435
464
430
425
447
449
440
439
450
472
439
448
439
430
454
438
439
479
440
459
451
461
453
431
450
455
466
456
461
452
459
437
449
460
454
439
478
467
444
454
454
453
483
475
479
478
442
499
454
470
454
466
455
452
475
464
462
469
468
470
466
465
470
462
467
473
485
453
490
465
486
484
479
453
481
472
466
484
467
483
472
507
481
506
468
483
478
501
482
485
472
488
511
464
506
488
494
500
509
499
500
497
498
517
477
501
500
500
491
500
512
496
477
510
494
507
488
518
496
473
501
511
508
514
498
517
513
504
507
509
520
510
505
488
503
496
487
511
490
515
506
503
505
500
513
513
515
516
504
533
506
527
544
533
537
523
508
502
516
522
530
541
522
533
525
526
532
554
534
508
545
497
523
534
540
504
541
546
551
527
535
552
529
540
525
528
538
546
545
538
539
546
554
541
557
526
518
550
548
515
531
555
548
553
545
572
568
522
555
557
548
561
560
547
547
533
536
548
556
563
582
537
564
581
548
566
556
568
552
553
564
565
545
563
555
550
582
557
571
559
565
552
565
556
591
559
571
547
567
581
590
583
597
577
578
575
575
594
569
579
556
570
571
558
580
587
582
571
588
583
569
600
583
570
584
580
571
582
590
603
584
603
579
589
589
603
577
571
587
583
599
577
591
606
595
580
611
588
599
595
613
594
619
630
583
584
610
600
611
602
620
586
618
628
579
600
606
605
599
589
628
591
610
625
601
594
614
614
614
613
604
614
614
590
606
606
633
612
615
616
633
614
620
624
584
650
623
603
621
626
635
604
629
605
655
624
616
619
613
643
628
630
626
624
611
631
638
634
609
614
653
599
631
635
635
643
620
628
639
631
644
605
633
635
632
634
654
654
644
644
626
646
655
625
639
627
638
659
652
625
649
654
653
631
656
681
654
653
677
663
657
653
636
649
649
653
641
679
655
684
615
652
664
648
668
651
673
661
657
660
664
671
651
672
647
653
694
654
643
681
660
681
666
670
697
693
681
668
688
651
668
664
661
663
662
686
664
695
644
676
690
683
667
685
690
680
681
686
681
679
690
694
703
669
701
710
668
679
678
683
692
678
688
709
708
701
688
694
723
675
683
683
701
701
705
694
703
718
718
706
718
687
697
707
713
705
709
713
704
698
704
701
718
732
736
708
671
721
720
737
715
686
694
705
725
723
684
714
730
713
709
715
735
709
731
714
739
715
717
721
710
718
727
745
709
713
722
740
728
734
726
698
747
727
710
725
720
738
755
739
716
718
749
768
724
753
717
755
737
738
746
753
734
757
725
727
737
743
745
726
754
751
740
763
767
741
757
765
731
765
738
748
772
732
748
765
745
756
740
733
769
765
759
736
742
741
767
768
748
763
776
743
780
760
781
753
771
771
739
769
776
757
780
758
762
798
752
753
789
758
764
783
746
752
780
753
800
787
776
781
799
778
781
775
800
771
784
788
768
776
803
787
761
792
787
803
794
762
791
804
791
781
773
772
793
772
777
781
785
803
775
811
798
796
773
780
804
812
749
796
775
804
778
799
806
798
787
788
807
811
779
812
811
804
806
823
808
809
800
813
785
826
802
792
812
829
815
791
805
794
813
790
819
795
821
802
810
829
804
812
810
813
834
857
797
816
824
816
826
832
818
802
827
801
848
821
810
808
831
844
819
835
800
815
830
817
843
806
822
841
826
814
837
800
825
841
833
865
840
827
848
831
838
852
827
861
826
827
820
836
817
882
820
869
853
837
832
838
867
855
823
875
837
867
849
851
867
835
871
846
860
877
834
844
867
865
842
850
863
834
879
864
857
885
881
853
890
840
860
853
826
869
856
874
850
881
867
885
834
879
867
890
861
880
882
860
865
861
864
868
890
881
893
892
888
844
860
891
894
898
884
879
873
875
900
866
868
910
872
894
867
895
876
881
890
876
899
866
907
906
890
889
880
905
942
875
897
903
882
937
922
848
921
898
880
929
882
883
907
901
879
929
919
895
891
889
925
909
891
908
909
916
932
904
901
915
885
901
912
918
909
899
890
933
897
940
906
906
912
890
937
933
890
918
929
916
946
932
887
927
977
910
917
950
918
929
923
912
930
875
963
904
932
907
931
935
950
930
936
915
916
951
929
964
940
944
937
950
921
941
928
947
950
953
894
929
935
917
933
936
928
931
955
955
920
947
903
943
923
921
973
937
934
966
954
948
959
934
940
956
958
941
976
945
944
975
951
960
932
941
943
951
960
948
943
953
966
941
962
976
949
991
953
951
979
982
954
963
963
948
977
946
1021
949
965
955
996
968
989
986
978
963
948
955
959
961
958
1003
948
966
997
970
1006
977
968
972
972
950
973
986
988
987
985
1006
963
994
991
1025
980
1011
978
973
983
996
982
1001
976
969
999
994
996
1022
995
975
979
959
1022
1007
985
998
1011
989
1011
1038
981
1004
1001
1019
995
992
983
993
1006
1014
986
993
1016
990
1029
1002
1008
992
1025
1009
998
1004
1034
1004
993
1002
1022
1040
1020
1037
1005
1022
1015
1027
1023
983
994
1011
1016
1005
1037
1009
1041
1052
1043
1028
1042
1014
1042
1033
1035
1017
1048
1015
1028
1037
1032
1019
1023
1018
1024
1030
1047
1075
1049
1032
1015
1059
1030
1030
1044
1033
1034
1052
1019
1023
1061
1040
1030
1045
1048
1029
1025
1067
1062
1056
1041
1066
1038
1066
998
1029
1039
1057
1056
1050
1064
1072
1021
1056
1087
1021
1061
1018
1066
1050
1078
1073
1043
1081
1055
1055
1040
1069
1063
1081
1065
1079
1074
1051
1049
1058
1049
1086
1057
1066
1133
1068
1072
1094
1073
1050
1072
1076
1081
1073
1059
1055
1050
1047
1066
1064
1103
1070
1070
1099
1092
1130
1051
1066
1082
1102
1101
1079
1070
1113
1099
1093
1071
1115
1078
1092
1060
1098
1110
1045
1061
1114
1078
1085
1051
1074
1113
1110
1084
1073
1078
1122
1080
1078
1091
1135
1133
1109
1084
1086
1075
1099
1063
1090
1103
1084
1112
1077
1074
1086
1118
1151
1114
1117
1100
1131
1120
1073
1065
1099
1133
1083
1127
1103
1079
1075
1106
1117
1111
1115
1139
1117
1115
1141
1130
1069
1108
1119
1149
1129
1108
1113
1100
1142
1117
1133
1093
1106
1160
1134
1109
1142
1108
1117
1146
1106
1150
1101
1147
1122
1157
1096
1159
1101
1136
1137
1135
1135
1155
1154
1115
1147
1179
1133
1155
1159
1128
1138
1130
1130
1138
1105
1127
1142
1173
1142
1128
1152
1159
1161
1125
1175
1166
1163
1162
1143
1166
1131
1183
1128
1179
1166
1160
1145
1167
1165
1168
1160
1162
1154
1144
1139
1162
1209
1135
1120
1159
1169
1153
1150
1186
1116
1186
1175
1158
1132
1161
1159
1177
1152
1183
1174
1166
1182
1186
1149
1182
1176
1152
1221
1213
1158
1177
1165
1176
1165
1143
1200
1187
1182
1165
1191
1156
1156
1216
1198
1185
1187
1186
1174
1172
1198
1192
1147
1181
1178
1161
1181
1222
1221
1184
1187
1171
1195
1210
1196
1162
1211
1229
1201
1162
1176
1196
1179
1213
1221
1181
1168
1214
1208
1220
1187
1213
1192
1237
1177
1209
1205
1213
1197
1214
1239
1226
1178
1212
1197
1253
1209
1164
1186
1190
1206
1207
1221
1165
1203
1193
1218
1192
1227
1242
1171
1209
1208
1214
1210
1193
1235
1210
1208
1252
1240
1238
1233
1209
1262
1172
1239
1257
1228
1233
1227
1216
1204
1216
1236
1250
1234
1242
1245
1204
1243
1216
1276
1249
1242
1230
1196
1246
1216
1245
1268
1198
1232
1231
1251
1276
1232
1266
1214
1269
1225
1217
1225
1248
1282
1219
1247
1252
1263
1240
1241
1241
1246
1253
1253
1253
1216
1253
1248
1244
1249
1248
1217
1266
1274
1291
1242
1228
1258
1298
1251
1250
1276
1264
1224
1237
1283
1283
1270
1261
1294
1271
1268
1279
1253
1260
1269
1292
1272
1261
1244
1262
1257
1272
1287
1273
1267
1249
1282
1249
1290
1313
1287
1262
1279
1297
1238
1272
1242
1297
1276
1281
1236
1281
1305
1273
1302
1232
1294
1303
1291
1300
1243
1276
1283
1243
1243
1275
1303
1280
1297
1281
1253
1321
1272
1278
1304
1335
1257
1269
1325
1282
1323
1265
1282
1335
1236
1305
1342
1265
1315
1296
1314
1315
1304
1281
1312
1286
1324
1256
1332
1306
1293
1304
1297
1320
1302
1316
1309
1283
1291
1321
1265
1327
1311
1290
1316
1319
1311
1362
1324
1263
1338
1341
1309
1333
1334
1316
1292
1323
1329
1333
1295
1326
1292
1317
1316
1326
1305
1336
1345
1319
1330
1328
1351
1323
1324
1301
1340
1367
1326
1331
1365
1319
1306
1323
1310
1313
1334
1308
1346
1332
1318
1342
1370
1327
1332
1293
1367
1344
1349
1360
1361
1346
1322
1334
1337
1332
1421
1295
1325
1347
1310
1332
1354
1387
1354
1345
1348
1330
1387
1335
1327
1374
1310
1366
1349
1316
1379
1367
1349
1373
1372
1370
1332
1343
1348
1348
1378
1342
1362
1398
1346
1361
1366
1347
1389
1350
1377
1322
1370
1382
1339
1386
1306
1390
1378
1362
1382
1375
1349
1380
1366
1383
1352
1372
1361
1393
1356
1354
1388
1347
1347
1387
1415
1393
1378
1426
1376
1364
1329
1363
1386
1373
1405
1392
1360
1400
1385
1368
1413
1388
1421
1380
1332
1381
1355
1388
1441
1425
1380
1407
1408
1398
1411
1425
1366
1423
1406
1386
1413
1381
1407
1404
1399
1382
1418
1392
1435
1392
1398
1408
1334
1382
1404
1391
1434
1380
1426
1419
1398
1458
1404
1398
1400
1400
1399
1391
1425
1400
1436
1416
1405
1416
1378
1392
1414
1402
1370
1402
1412
1441
1394
1401
1416
1431
1392
1463
1425
1419
1400
1423
1423
1400
1414
1392
1411
1401
1441
1469
1404
1441
1420
1460
1422
1407
1404
1457
1424
1451
1468
1445
1407
1423
1443
1445
1431
1424
1426
1453
1441
1459
1472
1416
1409
1408
1473
1440
1473
1436
1450
1425
1473
1448
1441
1475
1445
1435
1464
1447
1459
1476
1414
1460
1479
1440
1444
1453
1449
1420
1468
1444
1469
1476
1481
1464
1454
1435
1427
1464
1468
1466
1470
1474
1451
1457
1501
1468
1470
1466
1480
1500
1465
1455
1471
1488
1434
1441
1502
1450
1460
1459
1496
1462
1474
1472
1507
1464
1525
1454
1475
1495
1477
1440
1454
1484
1456
1475
1448
1494
1467
1473
1437
1472
1486
1465
1496
1472
1469
1454
1463
1508
1464
1495
1499
1510
1509
1468
1513
1480
1492
1419
1499
1501
1460
1491
1525
1470
1474
1559
1487
1539
1493
1487
1488
1493
1466
1494
1522
1474
1544
1456
1525
1526
1514
1479
1523
1519
1465
1550
1517
1515
1466
1509
1529
1526
1481
1508
1515
1531
1512
1469
1547
1525
1540
1481
1527
1493
1492
1518
1511
1516
1541
1556
1482
1514
1553
1504
1498
1503
1525
1513
1571
1562
1498
1555
1542
1486
1521
1530
1555
1527
1529
1513
1567
1520
1514
1541
1505
1500
1524
1576
1530
1528
1521
1529
1455
1540
1533
1582
1551
1539
1540
1549
1598
1565
1525
1541
1504
1513
1551
1538
1531
1571
1552
1523
1517
1554
1581
1556
1569
1509
1541
1571
1558
1551
1552
1556
1541
1545
1521
1586
1514
1563
1563
1532
1540
1570
1540
1598
1542
1593
1565
1573
1571
1575
1577
1574
1577
1575
1549
1567
1566
1575
1574
1577
1562
1550
1538
1577
1553
1572
1581
1603
1605
1551
1624
1558
1618
1586
1570
1595
1550
1553
1583
1581
1582
1580
1607
1609
1549
1584
1611
1568
1662
1611
1584
1556
1616
1582
1583
1597
1612
1592
1563
1632
1619
1589
1598
1560
1578
1617
1589
1560
1607
1579
1589
1562
1608
1579
1582
1584
1585
1632
1620
1593
1584
1581
1586
1651
1628
1616
1603
1643
1557
1580
1608
1630
1602
1568
1582
1608
1587
1620
1618
1659
1620
1635
1612
1639
1613
1557
1585
1617
1621
1620
1618
1589
1659
1614
1625
1623
1615
1617
1614
1602
1626
1635
1612
1601
1627
1646
1618
1605
1657
1586
1586
1594
1648
1640
1628
1623
1643
1647
1669
1607
1648
1582
1615
1603
1621
1617
1629
1645
1609
1687
1634
1643
1643
1659
1684
1623
1636
1661
1594
1632
1655
1664
1643
1624
1609
1643
1636
1659
1651
1617
1654
1653
1671
1623
1618
1615
1642
1643
1644
1613
1642
1670
1688
1638
1682
1623
1666
1632
1629
1675
1661
1668
1661
1649
1690
1649
1683
1672
1695
1638
1631
1609
1655
1657
1636
1680
1650
1688
1676
1620
1640
1722
1713
1654
1671
1666
1646
1645
1671
1664
1699
1638
1709
1698
1648
1661
1645
1712
1659
1683
1647
1681
1700
1723
1660
1700
1664
1705
1681
1707
1668
1648
1698
1678
1684
1703
1668
1701
1676
1763
1648
1700
1637
1684
1722
1719
1716
1723
1708
1723
1679
1683
1743
1676
1699
1701
1724
1718
1689
1708
1681
1686
1765
1671
1668
1705
1720
1743
1732
1652
1732
1672
1739
1701
1673
1687
1722
1719
1693
1696
1688
1741
1696
1706
1728
1686
1733
1748
1687
1707
1746
1727
1723
1721
1694
1727
1724
1738
1701
1723
1749
1718
1704
1753
1704
1680
1704
1747
1756
1729
1735
1705
1750
1728
1730
1712
1749
1713
1711
1766
1723
1745
1717
1746
1704
1696
1758
1730
1739
1706
1757
1772
1772
1712
1711
1721
1736
1747
1698
1778
1738
1743
1734
1686
1745
1764
1771
1762
1728
1751
1708
1756
1788
1757
1695
1793
1729
1771
1733
1730
1725
1755
1802
1737
1774
1746
1768
1746
1743
1759
1760
1775
1732
1766
1775
1804
1742
1753
1747
1787
1775
1780
1759
1765
1814
1754
1794
1796
1773
1763
1749
1751
1800
1757
1763
1778
1777
1789
1762
1785
1740
1761
1769
1788
1819
1744
1752
1794
1752
1794
1812
1776
1761
1747
1801
1786
1805
1785
1808
1779
1792
1764
1801
1774
1824
1784
1798
1799
1771
1790
1748
1772
1793
1771
1779
1832
1769
1787
1795
1811
1802
1761
1808
1820
1858
1796
1738
1818
1840
1785
1829
1818
1770
1771
1804
1843
1811
1855
1822
1809
1778
1809
1823
1782
1809
1869
1780
1805
1780
1824
1820
1803
1759
1813
1862
1819
1779
1840
1826
1782
1834
1796
1829
1853
1800
1824
1802
1845
1820
1819
1833
1819
1802
1817
1830
1841
1823
1810
1818
1884
1775
1829
1856
1860
1826
1818
1812
1823
1797
1805
1827
1818
1811
1796
1873
1831
1851
1822
1834
1822
1809
1852
1866
1831
1877
1813
1822
1861
1841
1852
1785
1811
1831
1853
1852
1848
1800
1825
1851
1848
1830
1873
1826
1880
1887
1858
1813
1836
1859
1830
1841
1829
1814
1855
1863
1883
1864
1909
1870
1830
1842
1855
1870
1839
1841
1858
1847
1865
1876
1861
1830
1859
1859
1843
1881
1875
1895
1883
1905
1847
1868
1844
1867
1850
1866
1886
1859
1886
1906
1901
1904
1875
1872
1858
1877
1844
1872
1856
1842
1842
1887
1873
1883
1919
1846
1917
1935
1911
1886
1892
1881
1835
1899
1912
1822
1909
1854
1902
1890
1893
1873
1867
1890
1902
1929
1935
1865
1886
1862
1866
1925
1884
1912
1848
1889
1882
1877
1885
1901
1867
1863
1936
1879
1887
1877
1871
1943
1905
1874
1932
1854
1903
1929
1903
1881
1953
1896
1868
1893
1910
1917
1945
1907
1927
1876
1905
1922
1925
1950
1933
1924
1904
1930
1863
1890
1970
1862
1907
1905
1943
1889
1880
1931
1906
1922
1887
1933
1918
1919
1930
1926
1907
1969
1885
1913
1928
1936
1935
1946
1942
1907
1914
1895
1957
1912
1933
1901
1928
1943
1932
1967
1893
1956
1926
1962
1972
1884
1962
1899
1932
1921
2011
1927
1932
1932
1969
1946
1986
1926
1953
1923
1949
1959
1948
1928
1933
1914
1916
1953
1943
1927
1912
1931
1959
1915
1990
1955
1940
1931
1943
1933
1980
1919
1981
1936
1961
1960
1970
1930
1979
1959
1989
1927
1989
2007
1929
1946
1953
1931
2007
2009
1938
1968
1946
1969
1979
1926
1927
1959
1955
1994
1976
2003
1967
1960
1976
2001
1969
1968
1957
1923
2037
1938
1965
1992
2007
1995
1961
1940
1992
1993
2017
1989
1935
2028
1973
1960
1991
1983
1979
2000
2037
2010
1985
2013
1994
1988
1973
1988
2007
2001
2010
1964
1996
1974
2061
1968
1993
2025
1974
1984
2005
1983
1956
1966
2004
2011
1988
1953
1996
2024
1948
2040
1992
2012
2020
2023
2010
1975
1982
1991
2013
1989
2040
2019
1957
2036
2035
2085
1990
1997
1980
2030
1970
2046
2000
1990
2038
2033
1995
2060
1990
2065
2028
2038
2032
1992
2062
2046
2044
1987
2098
2026
2060
2012
2006
2053
2022
1999
2073
2031
2059
2000
2019
2034
1997
2071
1999
2043
2009
2054
2015
2024
2040
2013
2077
2012
2069
2087
2015
2038
2062
2068
2044
2025
2066
2054
2011
2042
2066
2049
2010
2040
2071
2039
2065
2042
2043
2040
2060
2032
2031
2048
2064
2035
2062
2026
2017
2076
2040
2088
2030
2036
2053
2032
2065
2069
2016
2073
2007
2084
2072
2020
2074
2121
2013
2063
2063
2036
2058
2032
2021
2095
2095
2080
2098
2084
2078
2082
2109
2039
2067
2097
2072
2098
2063
2079
2051
2055
2083
2009
2084
2060
2095
2048
2096
2047
2124
2064
2107
2073
2073
2123
2078
2097
2086
2087
2077
2023
2065
2120
2032
2069
2056
2101
2071
2115
2060
2089
2073
2106
2137
2030
2115
2086
2100
2066
2107
2116
2156
2078
2114
2093
2118
2092
2096
2051
2117
2007
2118
2132
2105
2101
2083
2070
2141
2132
2108
2149
2161
2089
2140
2131
2099
2108
2104
2086
2091
2184
2055
2096
2086
2152
2120
2046
2172
2120
2124
2131
2126
2121
2133
2100
2099
2079
2114
2111
2121
2143
2122
2133
2081
2123
2111
2165
2171
2097
2156
2157
2100
2127
2137
2128
2148
2114
2137
2128
2107
2057
2166
2124
2157
2100
2137
2124
2134
2168
2148
2105
2118
2107
2186
2121
2108
2157
2140
2191
2150
2092
2187
2150
2133
2081
2159
2187
2103
2195
2194
2137
2152
2167
2129
2198
2161
2147
2161
2115
2134
2200
2139
2156
2143
2212
2169
2157
2178
2154
2193
2144
2159
2147
2159
2162
2122
2147
2155
2143
2188
2170
2141
2106
2201
2127
2184
2120
2172
2124
2182
2181
2160
2178
2154
2188
2234
2127
2180
2174
2179
2197
2142
2160
2171
2202
2143
2172
2179
2179
2164
2192
2128
2192
2217
2156
2188
2163
2197
2225
2169
2194
2191
2145
2235
2194
2174
2169
2141
2157
2209
2180
2146
2177
2208
2207
2214
2169
2194
2193
2214
2220
2165
2182
2179
2215
2159
2215
2227
2186
2202
2212
2211
2158
2165
2204
2234
2217
2193
2199
2204
2204
2250
2171
2252
2155
2210
2181
2257
2149
2243
2129
2222
2235
2213
2204
2170
2264
2231
2228
2178
2271
2237
2213
2206
2236
2164
2229
2226
2215
2259
2222
2267
2233
2208
2261
2265
2240
2265
2246
2235
2210
2261
2178
2228
2255
2234
2267
2210
2213
2248
2244
2198
2261
2225
2194
2260
2227
2248
2263
2255
2262
2256
2215
2236
2217
2216
2201
2251
2248
2231
2279
2218
2221
2294
2229
2240
2292
2256
2199
2315
2286
2256
2253
2232
2265
2226
2251
2229
2237
2216
2258
2257
2238
2239
2276
2247
2280
2257
2264
2229
2239
2247
2306
2242
2307
2275
2272
2335
2261
2241
2198
2285
2233
2232
2269
2241
2312
2265
2243
2288
2318
2228
2252
2235
2282
2267
2297
2292
2222
2280
2243
2290
2268
2210
2296
2274
2302
2244
2286
2253
2346
2256
2306
2296
2287
2307
2248
2283
2294
2220
2325
2289
2292
2294
2294
2281
2267
2312
2333
2248
2258
2302
2275
2275
2272
2323
2295
2318
2284
2324
2277
2333
2272
2272
2297
2313
2276
2320
2284
2273
2320
2302
2318
2244
2335
2302
2320
2283
2301
2290
2226
2327
2325
2302
2302
2313
2286
2287
2296
2325
2310
2326
2310
2307
2318
2371
2323
2254
2330
2387
2323
2327
2316
2276
2359
2267
2262
2257
2333
2358
2278
2339
2308
2348
2338
2332
2355
2313
2295
2323
2322
2339
2332
2354
2321
2317
2267
2329
2313
2297
2302
2328
2330
2306
2275
2302
2297
2343
2330
2312
2325
2356
2346
2340
2359
2367
2298
2359
2374
2358
2337
2291
2395
2335
2303
2318
2334
2348
2303
2375
2349
2324
2356
2412
2274
2375
2318
2335
2338
2384
2357
2417
2301
2348
2313
2347
2338
2358
2366
2354
2385
2372
2334
2318
2300
2361
2365
2378
2348
2361
2362
2337
2387
2321
2367
2340
2347
2348
2395
2366
2366
2333
2408
2348
2399
2361
2394
2368
2382
2350
2320
2323
2350
2412
2360
2397
2361
2344
2396
2413
2368
2391
2388
2348
2353
2370
2379
2350
2377
2397
2360
2425
2369
2376
2441
2408
2378
2380
2372
2404
2360
2361
2403
2375
2408
2414
2356
2419
2374
2410
2375
2396
2445
2441
2415
2432
2393
2385
2372
2378
2399
2434
2368
2428
2367
2406
2437
2443
2412
2380
2377
2388
2403
2368
2396
2427
2422
2416
2456
2369
2377
2417
2389
2421
2337
2434
2414
2380
2469
2388
2397
2381
2452
2457
2418
2438
2398
2433
2404
2384
2410
2475
2424
2420
2418
2382
2362
2454
2414
2418
2423
2427
2492
2453
2476
2429
2427
2390
2452
2427
2475
2366
2521
2394
2368
2433
2402
2401
2434
2448
2456
2420
2454
2423
2463
2421
2475
2434
2451
2417
2416
2352
2456
2449
2403
2380
2448
2522
2426
2437
2425
2414
2405
2412
2487
2430
2421
2497
2407
2487
2543
2416
2454
2406
2440
2458
2477
2463
2458
2466
2424
2501
2454
2490
2450
2466
2430
2437
2435
2468
2472
2436
2430
2446
2461
2464
2417
2469
2479
2483
2482
2493
2498
2464
2462
2474
2501
2431
2514
2449
2476
2513
2457
2447
2494
2431
2456
2489
2482
2457
2507
2504
2486
2501
2491
2452
2528
2465
2509
2516
2516
2461
2503
2493
2475
2485
2495
2468
2510
2449
2485
2515
2496
2473
2480
2500
2531
2439
2491
2448
2523
2469
2559
2491
2516
2498
2499
2437
2477
2533
2498
2502
2462
2520
2488
2531
2535
2554
2486
2538
2508
2586
2498
2471
2528
2509
2503
2492
2520
2516
2484
2503
2501
2483
2561
2504
2501
2517
2508
2508
2556
2491
2583
2457
2501
2531
2531
2526
2511
2486
2536
2496
2506
2535
2522
2575
2513
2509
2509
2501
2540
2512
2498
2564
2499
2544
2522
2531
2533
2534
2535
2556
2536
2544
2486
2524
2515
2553
2545
2490
2566
2529
2525
2563
2561
2588
2543
2544
2548
2569
2525
2527
2538
2538
2594
2575
2549
2533
2544
2561
2508
2491
2532
2604
2542
2544
2536
2619
2585
2579
2605
2578
2562
2603
2523
2561
2542
2550
2573
2585
2506
2555
2557
2540
2604
2509
2583
2584
2590
2541
2510
2610
2633
2548
2588
2535
2606
2540
2543
2637
2571
2560
2595
2582
2590
2592
2609
2511
2547
2560
2544
2479
2574
2640
2572
2540
2564
2591
2590
2582
2547
2590
2590
2597
2604
2569
2586
2548
2596
2597
2529
2551
2639
2598
2506
2605
2548
2560
2575
2604
2608
2590
2650
2594
2510
2617
2617
2642
2605
2605
2621
2522
2629
2620
2550
2574
2604
2607
2562
2635
2597
2643
2596
2602
2618
2580
2602
2581
2657
2658
2620
2573
2597
2613
2594
2587
2615
2620
2601
2555
2586
2625
2581
2641
2581
2581
2643
2576
2612
2609
2628
2641
2603
2655
2648
2595
2559
2594
2570
2611
2731
2579
2576
2631
2632
2609
2640
2637
2617
2670
2568
2638
2652
2597
2632
2596
2610
2637
2660
2598
2664
2632
2648
2644
2585
2607
2664
2657
2688
2658
2661
2662
2610
2629
2631
2658
2656
2680
2579
2679
2640
2644
2631
2653
2587
2636
2642
2658
2664
2655
2666
2601
2643
2667
2632
2675
2612
2619
2666
2618
2698
2644
2661
2623
2650
2718
2606
2698
2627
2661
2703
2597
2718
2623
2640
2672
2625
2678
2699
2666
2625
2685
2648
2683
2644
2648
2636
2653
2610
2665
2647
2636
2650
2618
2680
2693
2645
2707
2678
2671
2667
2692
2640
2666
2688
2648
2719
2683
2691
2710
2725
2695
2631
2703
2724
2620
2624
2699
2686
2630
2701
2650
2683
2704
2637
2617
2665
2706
2670
2746
2733
2713
2689
2701
2662
2613
2738
2653
2752
2668
2663
2754
2615
2724
2703
2660
2684
2705
2695
2747
2694
2703
2646
2716
2721
2668
2684
2646
2686
2659
2661
2776
2720
2696
2735
2736
2724
2691
2663
2702
2674
2738
2706
2713
2753
2714
2694
2728
2732
2668
2723
2757
2689
2728
2729
2736
2731
2720
2716
2758
2683
2673
2734
2753
2752
2784
2669
2738
2705
2726
2675
2759
2710
2731
2756
2698
2733
2739
2734
2720
2729
2695
2755
2776
2724
2761
2730
2707
2753
2685
2708
2747
2725
2790
2772
2726
2752
2755
2768
2743
2754
2746
2751
2727
2760
2725
2803
2727
2707
2770
2750
2760
2735
2740
2742
2752
2702
2788
2779
2766
2792
2719
2729
2727
2754
2723
2796
2751
2764
2709
2729
2774
2806
2736
2735
2754
2794
2800
2741
2815
2710
2788
2731
2712
2770
2749
2727
2801
2816
2772
2775
2773
2834
2764
2781
2761
2809
2712
2740
2778
2792
2788
2768
2791
2778
2775
2804
2758
2757
2781
2811
2794
2763
2763
2700
2759
2762
2746
2778
2764
2758
2785
2770
2807
2769
2787
2725
2831
2783
2793
2795
2790
2828
2802
2790
2791
2831
2773
2790
2775
2770
2808
2837
2790
2783
2743
2806
2797
2851
2850
2735
2763
2778
2807
2775
2805
2752
2831
2795
2831
2762
2792
2802
2827
2850
2786
2748
2810
2804
2798
2819
2812
2813
2819
2791
2878
2810
2761
2736
2821
2852
2839
2826
2798
2766
2792
2813
2785
2837
2803
2780
2825
2833
2821
2826
2827
2823
2852
2829
2845
2823
2844
2808
2790
2813
2805
2894
2803
2881
2837
2846
2846
2836
2884
2774
2839
2801
2844
2796
2855
2868
2789
2805
2783
2852
2829
2804
2836
2847
2816
2842
2832
2793
2909
2784
2832
2856
2863
2869
2896
2859
2843
2904
2826
2885
2822
2804
2850
2846
2857
2813
2881
2788
2842
2888
2828
2863
2898
2896
2881
2872
2808
2813
2877
2822
2843
2865
2804
2864
2796
2919
2826
2778
2891
2891
2867
2839
2872
2893
2817
2866
2868
2874
2883
2890
2860
2899
2842
2861
2839
2858
2882
2872
2898
2904
2867
2881
2883
2872
2889
2885
2908
2810
2932
2898
2894
2892
2849
2865
2864
2888
2855
2871
2885
2836
2873
2907
2899
2904
2851
2828
2832
2878
2890
2867
2897
2895
2859
2939
2929
2939
2859
2855
2900
2905
2896
2924
2887
2831
2936
2930
2895
2942
2923
2895
2941
2895
2905
2973
2904
2902
2854
2881
2943
2893
2909
2901
2941
2882
2937
2937
2935
2893
2859
2952
2925
2922
2903
2953
2908
2938
2900
2866
2953
2914
2902
2928
2953
2887
2890
2951
2921
2939
2914
2922
2980
2943
2858
2908
2929
2933
2921
2892
2917
2872
2931
2922
2903
2950
2910
2853
2956
2934
2924
2955
2890
2930
2944
2948
2949
2916
2967
2898
2959
2963
2934
2980
2923
2951
2970
2939
2913
2916
2944
2942
2940
2928
2978
2967
2920
2930
2979
2986
2979
2961
2927
2936
2948
2927
2978
2894
2979
2999
2925
2978
2914
2973
2927
2929
3000
2953
2973
2959
2939
2953
2954
2969
2923
2949
2961
2993
2960
2991
2951
2971
2962
2976
2946
2978
2943
2937
2949
2965
2973
2955
2990
2940
2933
2991
2965
2963
3015
2989
2905
2990
2976
2943
2975
3010
2957
3016
2930
2960
2973
2964
3003
2992
2940
2960
2919
3009
2992
3002
2936
2939
2981
2944
3011
3046
2965
2972
2971
3008
2968
3008
2977
2982
2970
2976
3032
2949
2969
3019
2943
2959
3000
2968
2990
2994
2935
3019
3007
2967
3100
2986
3023
3038
2968
2941
3034
2992
3055
3026
2945
2991
3044
2956
3001
3019
3016
2984
3053
2985
3032
3025
3064
2988
2984
2972
3010
2978
3023
2985
3020
3044
2981
3037
3030
3020
3068
2975
2988
3025
3015
3009
3008
3005
3039
3017
2993
3057
2983
2986
3026
3041
3046
3052
3034
2932
3096
3018
3082
3001
3018
3069
3002
3028
3011
3084
2999
3005
3080
3034
2970
3012
3085
3042
3008
3063
3019
3015
3029
3048
2993
3069
3025
2993
3058
3068
3053
3049
3003
3024
3026
3057
3036
3024
3071
3039
3075
2924
3119
3015
3043
3038
3044
3055
3022
2985
3011
3022
3054
3056
3048
3080
3072
3069
3084
3045
3027
3059
3095
3015
3071
3034
3063
2979
3066
3104
3144
3031
3087
3065
3052
3056
3091
3049
3049
3060
3048
3125
3049
3059
3110
3050
3054
3100
3108
3077
3052
3076
3083
3066
3047
3054
3035
3031
3054
3089
3065
3087
3036
3079
3065
3075
3060
3043
3086
3067
3078
3120
3028
3094
3127
3099
3057
3040
3098
3091
3049
3093
3078
3131
3082
3099
3049
3087
3078
3144
3094
3114
3122
3081
3100
3122
3081
3098
3128
3092
3106
3147
3077
3019
3083
3101
3061
3122
3055
3123
3092
3131
3150
3086
3091
3080
3087
3082
3094
3121
3074
3118
3066
3126
3093
3112
3029
3167
3082
3109
3053
3096
3156
3063
3119
3131
3165
3066
3090
3120
3198
3117
3091
3141
3164
3131
3105
3164
3082
3114
3120
3069
3136
3175
3112
3129
3155
3114
3082
3133
3146
3152
3115
3142
3123
3094
3157
3118
3163
3089
3160
3088
3151
3172
3098
3115
3148
3127
3127
3109
3189
3153
3131
3121
3118
3162
3130
3182
3132
3122
3129
3135
3146
3248
3112
3181
3175
3115
3127
3134
3111
3179
3140
3100
3151
3236
3157
3172
3135
3140
3134
3133
3149
3141
3154
3111
3128
3125
3200
3185
3145
3160
3181
3187
3180
3187
3106
3210
3143
3207
3087
3133
3189
3198
3191
3131
3172
3150
3166
3173
3173
3214
3125
3201
3144
3162
3173
3162
3174
3162
3187
3164
3131
3134
3238
3164
3194
3163
3161
3197
3214
3178
3224
3202
3140
3208
3143
3172
3170
3162
3208
3227
3168
3152
3205
3206
3196
3123
3193
3184
3157
3132
3219
3185
3194
3215
3168
3199
3180
3198
3200
3246
3250
3214
3219
3200
3213
3152
3212
3174
3190
3193
3191
3274
3191
3187
3188
3201
3191
3212
3221
3160
3279
3163
3176
3197
3299
3197
3210
3225
3236
3215
3234
3193
3172
3216
3214
3222
3262
3199
3171
3224
3221
3241
3244
3243
3224
3240
3256
3264
3206
3134
3218
3195
3205
3247
3184
3257
3244
3234
3286
3203
3220
3237
3250
3214
3217
3223
3293
3240
3218
3212
3279
3247
3273
3290
3260
3236
3225
3190
3288
3198
3249
3212
3272
3189
3221
3239
3237
3179
3224
3284
3228
3229
3242
3223
3261
3223
3233
3243
3241
3219
3251
3226
3180
3268
3301
3289
3249
3213
3244
3256
3246
3214
3247
3262
3303
3202
3223
3268
3241
3289
3209
3201
3230
3240
3293
3239
3260
3292
3263
3213
3283
3268
3244
3317
3317
3303
3319
3236
3243
3242
3259
3302
3294
3239
3266
3331
3261
3318
3289
3292
3327
3248
3296
3312
3294
3285
3345
3253
3213
3308
3351
3301
3270
3259
3300
3272
3298
3255
3266
3274
3338
3262
3307
3318
3261
3269
3288
3319
3220
3311
3321
3288
3268
3367
3290
3291
3268
3373
3248
3259
3287
3310
3349
3318
3313
3331
3325
3304
3268
3231
3300
3316
3322
3303
3362
3287
3316
3342
3255
3288
3321
3308
3281
3296
3265
3329
3325
3301
3292
3322
3326
3332
3356
3340
3363
3319
3296
3341
3325
3268
3228
3376
3314
3340
3318
3341
3334
3354
3354
3324
3299
3352
3309
3321
3295
3325
3294
3382
3318
3323
3249
3360
3270
3366
3359
3263
3355
3342
3270
3339
3335
3304
3294
3312
3345
3314
3309
3376
3284
3316
3293
3431
3330
3354
3384
3328
3326
3300
3373
3406
3350
3352
3365
3336
3351
3326
3335
3327
3316
3333
3330
3391
3371
3373
3392
3364
3342
3365
3391
3346
3378
3345
3349
3348
3368
3358
3418
3336
3324
3327
3407
3330
3394
3411
3392
3412
3336
3368
3351
3321
3323
3353
3364
3382
3362
3420
3309
3369
3355
3390
3400
3384
3371
3338
3368
3289
3359
3370
3405
3433
3331
3360
3373
3379
3455
3344
3407
3331
3365
3383
3409
3429
3331
3353
3371
3357
3347
3344
3404
3397
3359
3416
3341
3373
3350
3433
3399
3423
3395
3445
3397
3433
3404
3371
3405
3330
3392
3358
3418
3412
3377
3464
3407
3447
3403
3403
3418
3346
3385
3387
3413
3404
3454
3450
3424
3462
3454
3378
3313
3391
3457
3465
3358
3450
3380
3403
3421
3352
3453
3425
3448
3383
3444
3409
3423
3406
3369
3475
3361
3434
3436
3416
3505
3432
3394
3418
3405
3422
3433
3462
3384
3376
3459
3411
3385
3440
3444
3422
3400
3453
3470
3427
3429
3428
3457
3451
3445
3352
3414
3413
3468
3478
3452
3471
3421
3434
3446
3404
3400
3442
3467
3466
3454
3419
3447
3445
3506
3447
3437
3388
3452
3447
3447
3430
3485
3436
3461
3434
3456
3421
3489
3390
3488
3424
3446
3458
3436
3464
3485
3462
3449
3450
3452
3433
3442
3518
3492
3433
3507
3438
3464
3434
3454
3510
3482
3473
3514
3443
3485
3495
3480
3452
3461
3458
3487
3379
3525
3515
3432
3373
3497
3451
3466
3467
3486
3492
3517
3459
3492
3437
3446
3491
3488
3458
3564
3452
3531
3448
3544
3550
3478
3492
3497
3518
3481
3439
3492
3463
3507
3480
3472
3429
3505
3510
3457
3477
3488
3505
3472
3498
3442
3548
3497
3528
3498
3549
3513
3492
3485
3500
3538
3434
3501
3492
3519
3461
3471
3514
3538
3495
3463
3550
3514
3483
3506
3460
3505
3514
3559
3545
3503
3526
3468
3512
3520
3500
3531
3476
3475
3498
3458
3522
3509
3532
3506
3536
3502
3515
3497
3496
3505
3542
3528
3555
3564
3543
3549
3533
3551
3573
3511
3517
3558
3554
3478
3515
3524
3521
3503
3546
3474
3567
3486
3593
3533
3529
3553
3550
3498
3573
3510
3520
3480
3534
3509
3488
3586
3512
3521
3527
3548
3565
3556
3607
3552
3474
3511
3503
3576
3543
3456
3556
3566
3518
3625
3561
3568
3529
3522
3500
3551
3527
3552
3536
3593
3549
3581
3514
3548
3583
3552
3572
3529
3528
3597
3539
3529
3571
3597
3504
3544
3543
3590
3524
3600
3533
3521
3616
3526
3571
3536
3611
3578
3539
3544
3583
3558
3651
3514
3566
3649
3582
3544
3570
3536
3577
3580
3580
3564
3610
3595
3582
3610
3607
3627
3574
3527
3546
3584
3640
3605
3602
3589
3536
3573
3619
3599
3562
3648
3676
3582
3568
3636
3681
3557
3631
3585
3545
3558
3534
3599
3623
3581
3632
3623
3626
3591
3602
3614
3604
3554
3552
3541
3650
3636
3626
3581
3597
3538
3612
3577
3563
3592
3632
3548
3643
3598
3678
3612
3618
3601
3663
3591
3591
3612
3624
3590
3612
3629
3618
3659
3601
3624
3590
3645
3664
3594
3615
3663
3632
3631
3538
3608
3550
3610
3650
3607
3603
3568
3695
3670
3632
3636
3614
3646
3610
3643
3690
3673
3612
3582
3650
3724
3593
3667
3592
3566
3644
3640
3646
3651
3603
3662
3699
3585
3679
3706
3619
3660
3621
3637
3599
3668
3645
3701
3698
3646
3704
3633
3644
3635
3642
3673
3624
3666
3679
3715
3626
3587
3678
3672
3647
3606
3702
3681
3633
3650
3656
3636
3656
3636
3656
3644
3643
3613
3740
3668
3711
3707
3558
3648
3661
3613
3629
3657
3640
3669
3719
3661
3608
3639
3608
3642
3701
3697
3675
3683
3653
3650
3686
3648
3694
3660
3740
3703
3761
3653
3686
3714
3646
3696
3751
3697
3662
3673
3716
3664
3629
3655
3693
3682
3702
3686
3678
3763
3684
3687
3647
3649
3744
3675
3690
3712
3700
3698
3751
3703
3701
3702
3694
3718
3679
3672
3747
3770
3681
3636
3713
3732
3753
3727
3695
3716
3722
3724
3700
3679
3705
3686
3740
3709
3725
3674
3695
3632
3684
3743
3676
3672
3698
3763
3698
3728
3721
3688
3726
3673
3693
3772
3697
3765
3741
3723
3732
3799
3675
3723
3776
3662
3822
3661
3725
3678
3737
3738
3702
3691
3689
3775
3738
3660
3698
3774
3676
3728
3713
3741
3724
3708
3690
3674
3740
3741
3704
3696
3694
3709
3765
3725
3725
3787
3680
3740
3778
3705
3707
3758
3720
3751
3692
3722
3780
3743
3668
3693
3747
3789
3739
3735
3727
3766
3774
3790
3784
3852
3763
3775
3763
3693
3751
3793
3733
3791
3768
3765
3672
3767
3724
3794
3750
3698
3765
3704
3747
3702
3794
3733
3806
3782
3785
3745
3745
3789
3734
3747
3740
3743
3751
3734
3829
3775
3751
3741
3774
3728
3801
3749
3739
3847
3698
3768
3863
3780
3796
3732
3801
3794
3816
3750
3748
3738
3775
3807
3787
3813
3744
3774
3825
3719
3808
3764
3780
3790
3770
3779
3780
3758
3739
3856
3741
3823
3782
3760
3811
3782
3809
3791
3770
3869
3764
3800
3780
3817
3793
3846
3775
3762
3876
3746
3727
3706
3857
3765
3854
3809
3813
3797
3749
3845
3813
3829
3782
3775
3753
3833
3821
3773
3815
3798
3784
3856
3845
3801
3788
3874
3762
3739
3806
3829
3866
3819
3749
3833
3867
3753
3877
3832
3831
3817
3859
3776
3830
3816
3851
3802
3818
3777
3815
3840
3858
3836
3824
3878
3796
3835
3861
3848
3779
3848
3852
3850
3773
3767
3832
3752
3779
3845
3792
3823
3888
3858
3877
3815
3880
3875
3782
3859
3840
3870
3858
3777
3854
3829
3849
3843
3791
3898
3863
3827
3855
3787
3837
3891
3880
3815
3869
3869
3780
3836
3881
3793
3916
3867
3856
3872
3887
3785
3777
3845
3825
3855
3908
3833
3855
3871
3818
3807
3908
3878
3855
3845
3914
3876
3841
3906
3814
3910
3830
3843
3921
3916
3867
3833
3881
3792
3885
3932
3808
3883
3957
3919
3887
3876
3874
3884
3897
3862
3844
3839
3954
3869
3838
3889
3908
3862
3823
3852
3870
3818
3830
3904
3867
3844
3874
3830
3855
3919
3886
3918
3904
3889
3831
3860
3866
3885
3909
3923
3884
3905
3870
3895
3958
3964
3923
3930
3884
3930
3881
3943
3865
3914
3902
3893
3867
3926
3823
3856
3808
3916
3889
3911
3850
3962
3880
3914
3896
3880
3864
3907
3923
3843
3984
3851
3907
3892
3981
3910
3902
3911
3866
3864
3914
3923
3946
3947
3947
3934
3861
3959
3912
3950
3872
3945
3969
3934
3916
3903
3888
3853
3898
3863
3877
3946
3945
3845
3968
3929
3917
3881
3979
3946
3965
3935
3890
3928
3917
3911
3821
3938
3827
3973
3971
3896
3869
4001
3943
3962
3958
3963
3925
3871
3928
3964
3951
3954
3961
3957
3992
3910
3921
3943
3952
3890
3991
3916
3897
3941
3991
3994
3954
3908
3937
3982
3971
3945
4022
3974
3932
3950
4033
3919
3986
3992
3974
3958
3951
3932
3897
4031
3925
3947
3943
4027
3977
3920
4004
4010
3959
3971
3930
3981
3993
3936
3925
3983
3942
3994
3918
3975
3918
3979
4105
4002
3985
3982
3959
3974
3902
4050
3956
3968
4010
4046
4003
3965
3967
3961
3953
4001
3962
3997
3982
3981
3921
3951
3999
3942
3947
3995
3951
4007
3992
3955
3999
3968
3990
3984
3992
4066
4014
4062
3953
3923
4050
3982
4030
4042
3967
3912
4030
4056
3994
3987
3977
3992
3956
3974
4023
4011
4012
4026
3990
4026
3974
4015
4035
3990
3999
3975
4041
3924
4011
3954
4018
4046
3998
4050
3988
4060
3967
3978
3980
4031
4006
3956
3991
4065
3997
3979
4072
4059
4048
4007
4040
3997
3962
3987
4018
4022
4028
4014
3927
4047
4002
4062
4035
3985
3976
4010
3939
4010
4021
4085
3977
4034
4046
4053
4022
4007
4060
4073
4076
3926
4044
4027
4009
4042
4056
4013
4001
4042
4055
3985
4069
4113
4055
4035
4090
4025
4080
4025
4006
4028
4044
4054
4022
4081
4044
4004
4018
4064
4096
4078
4039
4104
4043
4055
4090
4040
4020
3994
4082
4036
4054
4093
4072
4053
4146
4065
4090
4049
4042
3996
4030
4022
4081
4058
4033
4042
3976
4122
4075
4114
4077
4119
4062
4089
4067
4054
4081
4015
4047
4071
4098
4116
4064
4144
4072
4125
4100
4046
4090
4072
4065
4067
4070
4077
4045
4089
4099
4114
4024
4081
4050
4091
4074
4090
4145
4032
4150
4115
4118
4034
4094
4132
4096
4116
4075
4123
4068
4070
4147
4079
4079
4032
4051
4064
4066
4133
4048
4111
4082
4115
4052
4145
4059
4101
4161
4077
4094
4145
4103
4084
4113
4115
4099
4109
4037
4109
4097
4127
4117
4190
4106
4061
4072
4085
4121
4154
4079
4166
4158
4084
4080
4056
4170
4146
4122
4142
4044
4070
4102
4073
4063
4169
4128
4078
4112
4141
4143
4127
4131
4095
4171
4148
4118
4160
4159
4060
4187
4069
4180
4119
4156
4103
4102
4185
4175
4109
4116
4141
4122
4173
4160
4141
4122
4123
4146
4086
4140
4161
4165
4137
4102
4110
4145
4135
4156
4157
4143
4106
4113
4101
4180
4131
4133
4145
4150
4161
4094
4175
4120
4079
4102
4182
4082
4128
4185
4120
4206
4188
4158
4157
4191
4143
4217
4134
4138
4239
4146
4123
4053
4175
4178
4143
4157
4214
4164
4199
4112
4180
4270
4078
4146
4217
4190
4144
4141
4093
4165
4189
4175
4163
4163
4198
4214
4197
4160
4171
4166
4123
4172
4169
4134
4166
4294
4197
4183
4248
4177
4174
4192
4224
4157
4216
4160
4154
4191
4210
4166
4196
4182
4170
4189
4167
4173
4181
4243
4159
4198
4197
4155
4211
4207
4173
4100
4154
4212
4191
4186
4207
4215
4214
4182
4138
4152
4173
4228
4151
4190
4177
4181
4221
4241
4194
4207
4218
4192
4234
4247
4182
4187
4266
4139
4214
4199
4254
4182
4268
4171
4202
4152
4177
4248
4190
4272
4151
4225
4213
4222
4185
4188
4264
4241
4179
4213
4235
4188
4187
4209
4218
4157
4223
4192
4221
4194
4233
4290
4223
4239
4202
4224
4196
4242
4156
4184
4209
4296
4264
4281
4143
4282
4228
4238
4195
4171
4235
4224
4241
4213
4202
4227
4300
4182
4262
4216
4307
4181
4255
4271
4206
4200
4204
4257
4187
4241
4255
4230
4208
4208
4209
4274
4198
4309
4242
4219
4263
4248
4211
4283
4238
4217
4261
4274
4201
4288
4229
4243
4273
4346
4274
4240
4228
4252
4252
4263
4235
4279
4190
4292
4213
4229
4240
4255
4265
4246
4292
4235
4264
4269
4266
4341
4245
4278
4226
4238
4311
4260
4256
4222
4321
4220
4258
4267
4334
4322
4309
4243
4351
4248
4223
4286
4195
4214
4316
4301
4301
4245
4302
4264
4314
4291
4338
4288
4309
4309
4251
4272
4305
4194
4274
4380
4255
4320
4359
4330
4268
4261
4310
4304
4262
4245
4277
4325
4315
4283
4272
4288
4295
4264
4338
4318
4300
4336
4276
4356
4313
4270
4281
4384
4243
4306
4280
4250
4270
4268
4305
4324
4319
4350
4256
4268
4308
4419
4333
4346
4353
4313
4296
4254
4312
4258
4309
4246
4291
4324
4331
4280
4300
4318
4292
4301
4289
4394
4322
4340
4327
4326
4295
4390
4337
4288
4264
4317
4291
4327
4335
4305
4371
4315
4373
4341
4400
4353
4363
4289
4326
4343
4372
4342
4204
4314
4313
4394
4344
4372
4337
4351
4299
4277
4374
4324
4361
4331
4360
4382
4304
4423
4340
4395
4330
4365
4347
4443
4269
4333
4308
4323
4336
4304
4335
4379
4387
4339
4346
4325
4355
4351
4358
4342
4365
4289
4369
4388
4436
4345
4291
4383
4354
4404
4283
4323
4400
4376
4301
4387
4337
4361
4387
4362
4370
4350
4347
4422
4429
4356
4366
4386
4352
4354
4342
4358
4369
4368
4401
4402
4374
4356
4480
4372
4404
4378
4454
4320
4436
4356
4374
4359
4435
4386
4342
4379
4370
4396
4434
4469
4310
4393
4427
4385
4359
4408
4417
4418
4382
4371
4360
4331
4425
4367
4345
4391
4407
4414
4453
4367
4350
4397
4457
4430
4406
4500
4309
4356
4404
4437
4442
4480
4402
4329
4477
4381
4346
4376
4449
4380
4379
4415
4355
4399
4378
4423
4407
4473
4435
4392
4450
4372
4467
4415
4503
4345
4410
4373
4400
4373
4444
4461
4429
4346
4424
4397
4467
4425
4362
4446
4402
4393
4398
4438
4394
4383
4439
4457
4389
4410
4429
4432
4446
4371
4424
4440
4469
4491
4416
4450
4436
4451
4457
4459
4417
4488
4508
4454
4455
4419
4458
4425
4413
4463
4397
4377
4462
4438
4453
4436
4493
4458
4401
4432
4402
4478
4446
4459
4346
4448
4463
4499
4383
4489
4456
4505
4522
4434
4416
4502
4422
4431
4508
4416
4476
4390
4438
4448
4437
4508
4494
4468
4432
4465
4453
4508
4440
4484
4450
4488
4427
4423
4488
4488
4468
4497
4474
4486
4448
4458
4482
4440
4420
4505
4445
4498
4493
4490
4419
4492
4472
4494
4477
4476
4495
4422
4437
4479
4513
4487
4470
4452
4509
4490
4468
4448
4482
4503
4549
4466
4464
4487
4453
4452
4513
4532
4438
4518
4603
4515
4473
4514
4459
4491
4473
4493
4434
4507
4540
4473
4463
4438
4452
4431
4465
4505
4537
4512
4477
4532
4565
4501
4532
4464
4531
4479
4546
4511
4537
4504
4549
4441
4476
4515
4569
4575
4505
4506
4485
4536
4487
4497
4556
4461
4587
4490
4626
4543
4535
4517
4453
4511
4556
4507
4503
4480
4549
4620
4437
4515
4482
4515
4539
4489
4475
4550
4543
4561
4580
4473
4592
4559
4592
4532
4516
4556
4460
4533
4588
4587
4507
4529
4564
4567
4544
4510
4569
4525
4562
4523
4556
4487
4567
4561
4551
4556
4583
4561
4500
4520
4558
4539
4505
4492
4567
4558
4510
4553
4551
4550
4568
4515
4514
4523
4578
4465
4611
4571
4463
4564
4593
4615
4560
4489
4607
4545
4518
4531
4561
4554
4484
4530
4578
4526
4603
4539
4583
4568
4556
4573
4530
4500
4674
4580
4569
4530
4610
4559
4590
4543
4505
4538
4539
4581
4557
4602
4527
4586
4560
4601
4589
4597
4546
4644
4584
4435
4552
4589
4653
4576
4568
4650
4635
4643
4560
4562
4611
4610
4662
4607
4607
4552
4556
4598
4569
4556
4675
4603
4540
4603
4511
4621
4606
4632
4618
4652
4555
4612
4579
4670
4537
4617
4604
4606
4647
4568
4581
4640
4622
4603
4649
4701
4604
4591
4621
4655
4608
4548
4577
4617
4649
4589
4613
4615
4562
4587
4634
4580
4663
4635
4628
4608
4602
4657
4628
4567
4650
4728
4596
4624
4685
4616
4597
4615
4602
4626
4546
4699
4631
4607
4590
4653
4630
4609
4612
4542
4618
4626
4735
4565
4628
4627
4686
4674
4580
4604
4604
4645
4667
4620
4652
4574
4654
4638
4620
4558
4579
4775
4586
4676
4582
4646
4555
4603
4671
4720
4695
4579
4585
4591
4698
4668
4624
4615
4686
4615
4664
4652
4560
4641
4656
4672
4624
4661
4622
4593
4625
4764
4678
4594
4713
4684
4673
4680
4640
4701
4646
4684
4677
4719
4637
4621
4653
4683
4646
4658
4711
4566
4591
4663
4720
4672
4664
4759
4644
4625
4691
4636
4690
4719
4621
4673
4570
4623
4652
4655
4614
4683
4679
4687
4708
4596
4728
4627
4657
4745
4657
4676
4776
4592
4710
4669
4647
4698
4743
4744
4687
4722
4704
4656
4731
4622
4693
4644
4686
4634
4627
4633
4722
4707
4667
4677
4666
4711
4639
4757
4753
4712
4637
4644
4668
4656
4710
4704
4784
4692
4689
4732
4769
4663
4702
4649
4700
4644
4725
4726
4628
4678
4619
4705
4663
4720
4728
4722
4667
4678
4742
4687
4705
4747
4681
4688
4710
4707
4743
4747
4746
4712
4666
4742
4731
4708
4763
4663
4661
4684
4636
4731
4710
4716
4735
4702
4701
4735
4739
4756
4771
4805
4744
4686
4691
4735
4748
4728
4726
4640
4723
4783
4725
4744
4645
4687
4656
4671
4737
4794
4739
4836
4665
4762
4734
4743
4784
4732
4666
4769
4740
4733
4731
4723
4708
4766
4772
4713
4746
4831
4745
4752
4729
4672
4753
4780
4784
4725
4750
4706
4780
4723
4703
4776
4738
4773
4765
4735
4767
4767
4744
4744
4781
4735
4808
4703
4895
4741
4741
4763
4813
4731
4710
4716
4687
4752
4803
4798
4801
4826
4775
4685
4703
4808
4756
4753
4741
4763
4798
4796
4705
4718
4779
4730
4730
4773
4818
4786
4763
4820
4705
4736
4799
4726
4777
4767
4804
4842
4737
4780
4830
4706
4755
4776
4774
4847
4802
4786
4850
4777
4735
4844
4758
4815
4720
4789
4828
4803
4736
4794
4745
4828
4819
4686
4803
4778
4752
4826
4813
4796
4800
4827
4826
4708
4806
4808
4761
4848
4827
4847
4717
4831
4788
4837
4822
4827
4824
4812
4788
4739
4840
4771
4786
4788
4869
4772
4836
4854
4756
4783
4790
4805
4786
4811
4775
4851
4816
4791
4858
4829
4826
4784
4869
4768
4844
4801
4868
4806
4851
4818
4799
4809
4818
4741
4755
4942
4774
4802
4769
4869
4807
4836
4800
4795
4820
4776
4825
4794
4832
4812
4794
4825
4908
4735
4767
4820
4801
4832
4833
4821
4863
4896
4872
4784
4821
4834
4823
4870
4809
4832
4837
4838
4837
4902
4827
4882
4869
4841
4756
4814
4857
4842
4834
4814
4864
4878
4855
4893
4827
4831
4903
4891
4804
4850
4816
4910
4811
4802
4948
4824
4940
4791
4995
4897
4846
4828
4880
4824
4870
4840
4883
4862
4935
4876
4847
4863
4858
4825
4862
4902
4837
4843
4854
4884
4882
4785
4842
4858
4894
4837
4860
4877
4866
4838
4944
4863
4858
4855
4926
4823
4914
4927
4950
4868
4841
4906
4845
4854
4883
4883
4813
4856
4877
4875
4953
4855
4883
4874
4939
4841
4978
4797
4885
4832
4878
4890
4906
4949
4901
4877
4897
4916
4841
4878
4853
4890
4960
4873
4845
4930
4816
4872
4911
4935
4886
4953
4850
4936
4873
4884
4836
4960
4884
4842
4882
4857
4958
4982
4864
4909
4928
4928
4926
4938
5011
4922
4848
4886
4945
4937
4856
4877
4910
4895
4901
4949
4960
4893
4915
4961
4845
4885
4955
4996
4913
4943
4898
4924
4949
4855
4934
4878
4918
4988
4903
4879
4904
5043
4889
4933
4906
4960
4931
4939
4897
4938
4990
4940
4971
4974
4934
4949
4901
4901
4879
4959
5061
4905
4900
4964
4843
4921
4987
4884
4983
4955
5010
4956
5029
4944
4947
4922
4975
4969
4964
4956
4880
4990
4965
4944
4939
5003
4974
4991
4989
4874
5054
4918
5003
4966
5007
4939
4996
4923
4990
5011
4952
4924
4957
4936
4941
4911
4993
4976
4882
5022
5023
4954
4961
5039
4882
4942
4968
4913
4971
4919
4975
4990
4990
4976
4902
4954
5047
4925
5012
5034
4983
5000
4925
4966
5020
4942
4965
4911
4919
5088
5039
5004
5011
4966
5056
4959
4967
4982
4971
4990
4966
4984
4919
4999
4988
5043
4951
4957
5011
5007
5033
4976
5014
5040
4943
4967
4950
4926
4971
5048
4974
5034
5002
4995
4980
5028
5003
4969
5035
5023
5000
5037
5017
5036
4917
5027
4958
5057
4985
4948
5054
4953
4976
5033
4998
5012
5021
5063
5012
4966
4958
5053
5056
5054
4987
5045
4948
4984
4993
4992
5091
4960
5069
5009
5036
5044
4954
5010
5110
5066
5008
5012
5046
5074
5068
4986
5016
5023
5058
5016
5105
5106
5094
5009
5016
5037
4926
5018
5032
4957
5022
5035
5038
5031
5011
4965
5066
5073
5064
4946
5037
5021
5103
5000
5103
4945
5079
5069
5055
5050
5029
5043
5077
4996
5050
5021
4986
5034
5090
5040
5060
4970
5147
5082
4975
5053
5070
5057
5092
5023
4956
5151
4975
5117
5051
5090
5098
5016
5019
5077
5126
5160
5094
5011
5064
5133
5029
5071
5088
5045
5072
5083
5033
5131
5102
5050
4991
5067
5123
5081
4978
5086
5093
5085
5033
5120
5068
5109
5032
5074
5042
5076
5111
5102
5088
5096
5084
5052
5079
5132
5078
5040
5112
5081
5140
5126
4961
5127
5039
5106
5166
5090
5108
5106
5110
5065
5062
5017
5126
5118
5114
5090
5075
5127
5069
5072
5026
5089
5128
5090
5065
5059
5056
5129
5138
5078
5158
5036
5118
5152
5062
5140
5084
5056
5099
5138
5144
5073
5114
5123
5061
5105
5171
5124
5142
5092
5044
5083
5085
5066
5183
5033
5094
5071
5158
5120
5026
5171
5123
5072
5103
5050
5075
5230
5090
5122
5072
5104
5054
5140
5020
5146
5153
5105
5076
5099
5038
5154
5141
5154
5118
5200
5198
5047
5045
5153
5177
5125
5151
5112
5146
5168
5082
5134
5151
5135
5127
5188
5139
5185
5198
5044
5222
5194
5131
5169
5073
5115
5143
5169
5113
5139
5097
5230
5181
5184
5152
5139
5157
5231
5134
5101
5208
5170
5164
5061
5149
5142
5093
5131
5248
5110
5154
5093
5231
5110
5212
5144
5163
5113
5107
5147
5177
5178
5166
5110
5194
5163
5123
5145
5235
5129
5178
5226
5125
5170
5203
5154
5174
5121
5120
5219
5257
5172
5192
5130
5225
5104
5234
5093
5160
5093
5243
5205
5216
5149
5172
5170
5234
5182
5201
5184
5145
5149
5234
5175
5185
5273
5144
5153
5077
5194
5212
5214
5207
5174
5200
5270
5196
5125
5165
5192
5213
5175
5161
5186
5191
5148
5165
5216
5224
5185
5248
5286
5126
5191
5170
5254
5269
5187
5253
5226
5137
5164
5227
5201
5226
5189
5203
5259
5190
5174
5279
5156
5162
5220
5190
5159
5241
5238
5303
5092
5179
5230
5255
5256
5173
5237
5141
5227
5242
5184
5179
5263
5220
5293
5276
5207
5168
5206
5267
5200
5247
5201
5249
5206
5250
5207
5304
5259
5225
5272
5161
5194
5230
5338
5284
5216
5188
5231
5212
5305
5231
5175
5195
5265
5316
5251
5219
5261
5216
5280
5220
5142
5254
5209
5237
5277
5245
5267
5240
5207
5264
5203
5230
5234
5212
5254
5285
5228
5282
5239
5200
5244
5279
5183
5247
5338
5286
5254
5233
5267
5257
5247
5222
5220
5193
5266
5206
5199
5204
5305
5288
5250
5206
5244
5255
5275
5299
5236
5206
5196
5174
5344
5287
5265
5337
5221
5238
5345
5305
5241
5205
5302
5281
5251
5251
5189
5359
5201
5281
5323
5236
5200
5209
5305
5323
5238
5272
5221
5361
5324
5285
5297
5244
5347
5297
5242
5319
5295
5254
5270
5264
5235
5293
5233
5274
5275
5395
5318
5277
5277
5261
5275
5283
5382
5275
5336
5283
5242
5332
5338
5311
5338
5277
5273
5275
5154
5359
5305
5289
5290
5339
5270
5298
5281
5248
5188
5324
5271
5217
5336
5345
5229
5369
5310
5376
5363
5337
5267
5278
5356
5316
5334
5304
5286
5315
5356
5249
5324
5306
5364
5337
5257
5289
5361
5263
5266
5307
5343
5291
5308
5281
5313
5316
5304
5304
5354
5314
5300
5364
5346
5351
5281
5271
5355
5337
5387
5370
5415
5344
5306
5316
5320
5378
5267
5367
5338
5386
5303
5326
5336
5422
5390
5320
5311
5355
5347
5342
5311
5402
5318
5329
5347
5323
5375
5427
5262
5344
5391
5382
5372
5303
5325
5308
5290
5350
5316
5413
5359
5316
5357
5344
5326
5247
5400
5392
5378
5394
5422
5343
5293
5355
5285
5328
5433
5410
5391
5370
5387
5370
5413
5394
5440
5364
5310
5330
5325
5383
5419
5398
5302
5318
5435
5407
5385
5387
5338
5332
5428
5389
5386
5412
5317
5282
5345
5403
5370
5386
5387
5380
5412
5388
5415
5428
5409
5399
5351
5301
5391
5447
5476
5279
5445
5457
5416
5389
5363
5424
5367
5445
5408
5345
5333
5422
5429
5394
5348
5418
5406
5393
5429
5421
5429
5350
5510
5414
5340
5393
5388
5394
5344
5376
5417
5354
5371
5493
5379
5375
5458
5391
5349
5451
5420
5451
5400
5370
5416
5417
5429
5474
5419
5392
5433
5367
5460
5428
5399
5431
5391
5381
5440
5414
5431
5402
5450
5329
5425
5475
5414
5422
5480
5495
5470
5473
5465
5447
5270
5395
5432
5483
5447
5433
5461
5452
5405
5430
5422
5470
5378
5467
5404
5512
5282
5440
5474
5445
5499
5402
5505
5443
5413
5349
5437
5508
5430
5442
5392
5377
5552
5504
5427
5441
5471
5468
5425
5390
5450
5373
5443
5424
5497
5505
5493
5417
5451
5451
5433
5469
5441
5390
5413
5466
5436
5503
5396
5446
5446
5484
5459
5414
5394
5499
5441
5455
5465
5392
5441
5434
5491
5438
5419
5468
5517
5450
5454
5411
5442
5474
5439
5516
5481
5466
5507
5445
5483
5480
5437
5550
5451
5461
5513
5467
5418
5487
5503
5427
5460
5426
5484
5511
5575
5525
5488
5553
5447
5503
5449
5453
5528
5534
5473
5539
5475
5459
5531
5486
5490
5463
5495
5428
5537
5514
5510
5500
5572
5444
5505
5544
5498
5608
5452
5516
5455
5556
5548
5484
5518
5521
5436
5549
5466
5481
5549
5481
5579
5516
5566
5462
5495
5494
5490
5565
5547
5562
5539
5486
5591
5504
5524
5469
5469
5516
5560
5490
5477
5532
5480
5454
5477
5541
5511
5532
5577
5535
5462
5525
5483
5531
5528
5491
5512
5546
5548
5492
5558
5559
5504
5478
5535
5512
5448
5556
5645
5478
5528
5503
5496
5598
5600
5502
5575
5538
5595
5455
5482
5563
5578
5584
5464
5495
5484
5580
5550
5543
5589
5487
5510
5515
5600
5556
5538
5599
5468
5644
5518
5478
5521
5528
5530
5494
5593
5592
5543
5576
5650
5579
5575
5501
5602
5547
5570
5487
5529
5618
5547
5534
5579
5588
5497
5618
5534
5601
5542
5561
5532
5522
5496
5578
5604
5570
5602
5543
5620
5561
5558
5537
5526
5560
5621
5531
5622
5526
5594
5551
5543
5586
5625
5443
5640
5627
5576
5511
5522
5641
5562
5614
5556
5542
5641
5603
5610
5525
5588
5618
5601
5514
5628
5615
5595
5556
5559
5610
5610
5527
5548
5538
5634
5642
5544
5566
5619
5587
5585
5553
5611
5647
5559
5547
5623
5592
5640
5538
5632
5580
5587
5622
5612
5713
5605
5579
5586
5637
5596
5590
5658
5597
5671
5585
5583
5658
5576
5573
5631
5557
5583
5595
5553
5665
5639
5645
5581
5595
5614
5619
5653
5573
5581
5602
5616
5584
5609
5601
5632
5677
5673
5678
5596
5601
5586
5674
5590
5641
5570
5653
5637
5616
5552
5597
5655
5646
5699
5605
5553
5615
5637
5606
5648
5670
5776
5659
5575
5605
5625
5666
5591
5589
5714
5646
5620
5675
5657
5654
5595
5545
5689
5594
5643
5699
5737
5654
5592
5568
5633
5642
5716
5648
5700
5647
5657
5717
5657
5649
5622
5680
5715
5696
5657
5624
5603
5701
5571
5641
5602
5684
5650
5647
5662
5596
5698
5635
5656
5626
5728
5717
5668
5580
5618
5614
5643
5763
5606
5697
5732
5658
5679
5623
5635
5682
5716
5679
5708
5612
5668
5645
5633
5664
5651
5704
5675
5593
5624
5706
5737
5727
5734
5711
5671
5673
5691
5719
5746
5710
5668
5699
5695
5629
5802
5642
5663
5794
5737
5712
5681
5718
5622
5733
5726
5774
5623
5700
5792
5612
5738
5638
5636
5712
5681
5704
5664
5628
5608
5776
5723
5656
5660
5777
5796
5800
5643
5707
5690
5697
5765
5700
5636
5749
5718
5768
5735
5659
5739
5761
5761
5749
5782
5738
5738
5714
5667
5734
5713
5739
5747
5693
5776
5686
5670
5623
5728
5715
5722
5710
5643
5705
5779
5660
5824
5680
5750
5681
5771
5640
5772
5707
5682
5743
5672
5710
5720
5798
5804
5692
5746
5770
5696
5745
5759
5704
5774
5653
5788
5785
5708
5774
5705
5676
5741
5731
5774
5800
5710
5778
5697
5707
5808
5744
5778
5758
5726
5778
5776
5771
5829
5765
5800
5768
5769
5775
5684
5785
5680
5713
5744
5693
5753
5781
5668
5753
5640
5776
5770
5820
5697
5741
5776
5782
5811
5748
5713
5763
5751
5765
5786
5705
5796
5772
5742
5814
5784
5776
5773
5773
5719
5766
5763
5707
5757
5727
5747
5825
5790
5727
5807
5779
5743
5785
5790
5829
5823
5787
5706
5749
5787
5738
5781
5724
5772
5856
5721
5787
5774
5762
5762
5840
5876
5824
5780
5758
5745
5865
5799
5848
5808
5784
5775
5732
5809
5795
5760
5752
5813
5790
5766
5735
5775
5913
5858
5801
5862
5712
5790
5816
5850
5796
5782
5775
5706
5815
5778
5844
5824
5838
5744
5754
5789
5725
5808
5727
5674
5803
5762
5862
5803
5750
5887
5815
5868
5868
5800
5763
5782
5789
5796
5832
5881
5804
5887
5883
5835
5695
5847
5762
5818
5887
5863
5779
5897
5803
5791
5749
5859
5797
5844
5830
5840
5791
5781
5874
5789
5858
5807
5791
5838
5759
5808
5903
5806
5800
5881
5866
5763
5822
5796
5928
5855
5840
5891
5814
5838
5827
5866
5905
5784
5814
5835
5766
5887
5882
5830
5789
5790
5859
5795
5857
5896
5920
5865
5859
5791
5861
5822
5893
5944
5902
5888
5853
5898
5904
5798
5835
5834
5856
5834
5935
5853
5836
5886
5853
5860
5869
5871
5769
5852
5894
5857
5903
5863
5929
5816
5828
5851
5805
5843
5784
5970
5912
5919
5865
5893
5833
5897
5839
5869
5906
5845
5840
5782
5891
5872
5838
5939
5836
5832
5794
5868
5902
5880
5909
5924
5909
5872
5832
5850
5912
5883
5899
5878
5859
5890
5837
5890
5943
5887
5976
5937
5857
5957
5857
5887
5837
5927
5918
5930
5911
5894
5933
5924
5956
5846
5833
5920
5905
5917
5913
5903
5917
5898
5810
5893
5913
5888
5959
5879
5879
5910
5963
5883
5818
5964
5943
5973
5879
5896
5974
5918
5902
5934
5881
5898
5931
5993
5924
5874
5901
5836
5891
5891
5972
5850
5989
5895
5829
5985
5941
5880
5879
5890
5934
5883
5945
5899
5933
5857
5905
5906
5874
5879
5979
5915
5901
5925
5924
5920
6036
5998
5957
5920
5962
5956
5892
5904
5980
5969
5954
5875
5877
5956
5999
5951
5935
5976
5869
6016
5942
5954
5906
5986
5909
6007
5945
5946
5879
5971
5913
6015
5912
5901
6026
5970
5928
5929
5988
5951
6039
5921
5996
5953
6015
5867
5954
5968
6018
5965
5897
5929
5935
5924
5937
5990
5935
5906
5929
6000
6007
5984
5962
5884
6031
5912
5965
5965
5961
6055
5961
6053
5991
5918
5944
5964
5960
5944
5934
5947
5948
5999
5898
5993
5919
5933
6015
5996
6044
5965
6007
5907
6002
6000
5948
6066
5932
6010
6010
5993
5978
5967
6061
5953
5900
5970
6001
5974
5975
5953
5947
6034
6025
5979
6064
6004
5980
5959
6029
6022
5911
6042
5993
5945
6039
5940
6024
6033
5953
6058
5994
6020
5959
6067
6038
5911
6003
6036
6052
5964
5992
6037
5974
6059
5954
5956
6002
6028
6019
5984
6024
6085
5972
6021
5968
6053
6010
5932
6043
5974
5885
6017
6091
6051
5933
6008
6046
6099
5927
6055
6002
5986
6007
5983
6078
6028
6027
5981
6049
6031
6010
6041
6052
6010
5960
5932
6011
6010
6089
6055
6044
6011
5986
5973
6052
5977
6068
6001
6033
6029
6003
6055
6001
6111
6063
6040
5985
6068
6033
6033
6072
6032
6067
6028
5939
6021
6031
5997
6086
6044
5966
6011
6023
6108
6116
6093
6046
6098
6065
6033
6049
6018
6044
6108
5959
6049
6046
5961
5994
6173
6022
6042
6065
6076
5978
6032
6024
6072
6067
6001
6043
6114
6036
6017
6050
6081
6043
6034
6067
6030
6059
6022
6064
6015
6074
6067
6134
6007
6134
6127
6022
6063
6144
5977
6120
6066
6116
6046
6146
6048
6022
6127
6097
6096
6012
6024
6142
6090
5956
6029
6070
6068
6097
6117
6024
6037
6213
6002
6089
6094
6018
6077
5990
6106
6119
6077
6050
6025
6091
6070
6060
6109
6117
6110
6066
6117
6172
6096
6043
6098
6135
6129
6074
6085
6194
6136
6043
6094
6088
6151
6083
6182
6086
6060
6218
6005
6164
6109
6123
6128
6112
6088
6172
6074
6125
6129
6088
6051
6093
6137
6211
6080
6091
6095
6097
6075
6167
6096
6188
6121
6122
6051
6197
6126
6097
6183
6045
6196
6174
6092
6149
6141
6080
6153
6178
6138
6159
6141
6063
6034
6090
6201
6110
6112
6119
6089
6134
6099
6021
6112
6111
6056
6146
6165
6167
6074
6176
6212
6048
6135
6205
6154
6212
6205
6071
6154
6145
6220
6153
6114
6199
6174
6159
6174
6127
6106
6138
6077
6215
6084
6186
6110
6150
6073
6100
6197
6098
6139
6184
6137
6105
6096
6150
6186
6247
6048
6163
6190
6161
6156
6041
6216
6164
6152
6144
6194
6186
6128
6193
6137
6062
6206
6179
6195
6212
6207
6138
6180
6172
6191
6173
6165
6167
6189
6184
6168
6162
6155
6134
6201
6155
6154
6220
6100
6114
6265
6141
6198
6194
6168
6309
6144
6126
6026
6299
6178
6108
6178
6253
6247
6152
6074
6211
6134
6213
6191
6213
6176
6212
6148
6197
6221
6178
6176
6210
6240
6138
6194
6176
6253
6215
6228
6169
6213
6143
6129
6280
6187
6279
6132
6262
6151
6137
6258
6136
6154
6205
6212
6149
6174
6200
6215
6227
6204
6275
6195
6185
6223
6134
6236
6246
6282
6201
6236
6255
6152
6131
6287
6241
6240
6115
6267
6163
6227
6169
6200
6261
6219
6225
6188
6151
6147
6240
6228
6133
6244
6187
6262
6190
6246
6187
6194
6171
6232
6303
6223
6137
6264
6240
6273
6250
6242
6191
6242
6188
6298
6264
6294
6216
6211
6249
6173
6329
6101
6263
6296
6269
6307
6201
6214
6260
6261
6148
6224
6258
6209
6387
6326
6190
6262
6218
6255
6251
6208
6292
6285
6254
6241
6248
6291
6218
6264
6298
6371
6197
6190
6294
6337
6306
6176
6287
6250
6273
6259
6253
6236
6301
6298
6244
6304
6291
6281
6134
6235
6238
6255
6324
6270
6227
6254
6225
6309
6328
6222
6228
6196
6238
6288
6344
6303
6338
6285
6322
6198
6361
6210
6299
6247
6262
6304
6259
6276
6241
6200
6203
6342
6254
6221
6270
6291
6242
6263
6327
6162
6268
6288
6275
6385
6302
6317
6329
6339
6276
6157
6283
6377
6208
6344
6292
6322
6247
6246
6254
6322
6304
6389
6308
6271
6257
6193
6305
6323
6302
6311
6267
6307
6277
6320
6274
6312
6357
6286
6300
6194
6402
6302
6305
6319
6329
6266
6304
6261
6339
6323
6296
6278
6368
6382
6242
6282
6302
6327
6272
6347
6357
6320
6320
6260
6333
6408
6282
6274
6327
6315
6373
6324
6339
6367
6339
6291
6365
6298
6350
6293
6385
6348
6345
6321
6375
6421
6359
6313
6338
6376
6309
6320
6369
6358
6293
6329
6261
6389
6260
6290
6255
6406
6361
6304
6251
6361
6342
6360
6328
6313
6391
6293
6306
6388
6292
6278
6375
6349
6318
6359
6307
6338
6348
6339
6287
6326
6317
6333
6287
6351
6324
6329
6414
6350
6391
6349
6362
6336
6438
6323
6302
6262
6351
6261
6406
6333
6384
6315
6375
6403
6368
6420
6315
6307
6343
6397
6336
6434
6351
6280
6392
6319
6411
6330
6344
6468
6334
6429
6374
6383
6466
6354
6318
6368
6372
6329
6349
6397
6374
6328
6332
6301
6357
6370
6404
6372
6392
6374
6434
6373
6362
6417
6530
6373
6410
6444
6455
6399
6371
6406
6390
6405
6396
6347
6407
6330
6418
6368
6364
6436
6367
6309
6416
6394
6299
6397
6318
6456
6337
6278
6447
6428
6401
6437
6416
6397
6397
6417
6376
6427
6356
6443
6375
6461
6340
6391
6476
6338
6394
6425
6526
6423
6380
6425
6433
6443
6470
6407
6385
6464
6483
6386
6398
6316
6458
6381
6355
6464
6310
6378
6385
6477
6368
6386
6394
6426
6396
6397
6441
6389
6351
6432
6445
6428
6382
6426
6455
6286
6426
6487
6435
6439
6467
6493
6442
6438
6439
6431
6447
6442
6457
6357
6482
6495
6416
6506
6437
6492
6412
6460
6415
6507
6470
6511
6363
6505
6420
6422
6495
6494
6384
6410
6512
6435
6476
6447
6447
6477
6428
6468
6475
6453
6463
6524
6488
6480
6405
6376
6496
6376
6431
6474
6431
6447
6457
6511
6449
6454
6419
6476
6431
6539
6464
6568
6503
6451
6409
6432
6358
6430
6541
6435
6366
6482
6424
6457
6494
6530
6505
6459
6549
6493
6520
6435
6468
6474
6434
6512
6440
6428
6487
6482
6459
6502
6471
6400
6504
6478
6486
6589
6443
6482
6525
6403
6510
6481
6502
6507
6478
6487
6562
6565
6419
6453
6519
6501
6482
6509
6503
6430
6576
6462
6526
6557
6469
6533
6460
6566
6497
6514
6488
6516
6449
6493
6449
6543
6544
6531
6527
6529
6484
6429
6547
6564
6519
6504
6562
6499
6558
6481
6503
6556
6410
6536
6506
6452
6437
6567
6460
6527
6467
6553
6464
6497
6474
6618
6543
6545
6578
6554
6509
6515
6521
6586
6587
6547
6480
6519
6530
6613
6595
6503
6419
6568
6574
6452
6568
6485
6486
6557
6543
6497
6547
6487
6566
6519
6515
6606
6582
6445
6467
6491
6634
6548
6629
6513
6479
6605
6547
6493
6524
6400
6533
6657
6478
6578
6574
6515
6527
6573
6536
6528
6499
6610
6541
6599
6572
6552
6633
6565
6585
6563
6554
6604
6590
6560
6540
6706
6536
6612
6605
6478
6454
6559
6493
6441
6484
6568
6582
6508
6593
6605
6561
6540
6510
6615
6625
6532
6577
6678
6526
6634
6512
6589
6518
6566
6635
6508
6502
6591
6501
6582
6478
6623
6576
6611
6582
6565
6496
6594
6545
6676
6623
6567
6648
6602
6644
6588
6595
6589
6587
6625
6616
6547
6571
6665
6614
6624
6647
6577
6571
6532
6636
6674
6580
6556
6504
6585
6601
6643
6537
6587
6597
6612
6615
6566
6623
6648
6622
6669
6643
6504
6598
6609
6535
6698
6644
6565
6586
6623
6661
6616
6609
6581
6586
6546
6598
6618
6506
6595
6628
6656
6558
6517
6596
6660
6641
6636
6600
6541
6568
6728
6541
6583
6589
6642
6635
6668
6622
6582
6697
6560
6534
6650
6677
6714
6647
6636
6613
6668
6607
6621
6610
6611
6681
6711
6610
6703
6614
6584
6650
6623
6576
6682
6549
6586
6683
6588
6661
6674
6649
6553
6603
6674
6664
6661
6573
6619
6633
6685
6573
6755
6616
6645
6693
6693
6591
6604
6619
6638
6606
6658
6624
6547
6686
6786
6655
6594
6612
6661
6614
6612
6708
6642
6718
6675
6598
6678
6575
6615
6658
6637
6525
6655
6669
6661
6727
6647
6652
6665
6655
6644
6649
6637
6691
6740
6605
6641
6677
6650
6637
6768
6592
6641
6668
6574
6684
6651
6761
6701
6698
6566
6667
6693
6736
6679
6708
6603
6622
6619
6699
6685
6645
6747
6707
6709
6655
6621
6636
6729
6712
6614
6674
6605
6682
6742
6655
6686
6641
6704
6638
6770
6695
6701
6600
6714
6769
6800
6660
6619
6696
6621
6754
6709
6693
6759
6695
6640
6640
6771
6671
6715
6667
6680
6624
6771
6672
6624
6737
6804
6612
6671
6695
6648
6726
6701
6724
6763
6693
6781
6790
6682
6814
6618
6650
6663
6654
6708
6698
6743
6709
6822
6637
6806
6684
6720
6694
6727
6698
6714
6722
6698
6701
6563
6746
6782
6746
6774
6721
6768
6661
6699
6736
6772
6826
6663
6760
6774
6798
6719
6709
6697
6693
6711
6721
6692
6690
6694
6726
6755
6774
6709
6656
6702
6789
6785
6696
6756
6690
6761
6732
6687
6684
6732
6727
6718
6711
6750
6758
6701
6686
6743
6699
6703
6807
6811
6876
6782
6762
6774
6666
6727
6725
6718
6886
6751
6743
6703
6674
6758
6703
6834
6681
6785
6769
6752
6837
6694
6699
6694
6720
6822
6730
6766
6775
6696
6804
6727
6706
6770
6889
6801
6780
6762
6772
6776
6771
6712
6717
6792
6842
6839
6685
6806
6728
6833
6758
6807
6829
6814
6693
6744
6706
6822
6802
6740
6736
6700
6839
6748
6735
6840
6834
6781
6786
6782
6755
6783
6864
6787
6745
6642
6853
6681
6789
6718
6730
6824
6791
6730
6795
6812
6716
6751
6825
6817
6749
6723
6855
6846
6755
6743
6846
6795
6852
6716
6808
6830
6746
6821
6834
6678
6860
6812
6785
6850
6778
6840
6811
6926
6820
6807
6767
6778
6849
6851
6836
6834
6749
6770
6741
6818
6755
6797
6818
6812
6866
6802
6883
6779
6926
6895
6778
6796
6842
6853
6713
6780
6881
6778
6823
6931
6721
6854
6809
6778
6849
6899
6805
6837
6884
6812
6843
6822
6813
6847
6781
6739
6815
6787
6852
6812
6888
6831
6840
6842
6765
6784
6873
6879
6903
6857
6843
6870
6852
6798
6789
6834
6805
6854
6844
6858
6820
7022
6787
6840
6769
6822
6804
6772
6853
6863
6784
6803
6815
6896
6823
6843
6809
6766
6890
6824
6806
6931
6790
6806
6903
6861
6863
6859
6843
6922
6897
6882
6777
6930
6820
6895
6862
6853
6849
6861
6779
6820
6862
6770
6870
6876
6881
6884
6849
6927
6849
6804
6870
6876
6891
6911
6865
6966
6816
6905
6813
6882
6858
6818
6878
6914
6873
6838
6887
6966
6834
6890
6785
6803
6904
6872
6772
6875
6852
6862
6946
6836
6900
6935
6956
6854
6866
6818
6885
6862
6954
6886
6907
6975
6848
6971
6844
6888
6864
6871
6965
6815
6867
6913
6856
6820
6895
6866
6948
6922
6924
6895
6933
6859
6834
6913
6866
6855
6892
6853
6868
6813
6957
6878
6832
6909
6948
7023
6944
6932
6952
6947
6938
6880
6919
6870
6897
6913
6954
6872
6929
6879
6925
6884
6852
6934
6863
6954
6837
6980
6952
6878
6904
6875
6969
6881
6874
6935
6944
6903
6910
6895
6949
6942
6878
6936
6918
6983
6922
6919
6869
6936
6913
6941
6969
6892
6901
6850
6958
6930
6923
7005
7003
6929
6971
6960
6976
6945
6952
6903
6959
6955
6942
6905
6859
6958
6871
6909
6889
6904
6977
7019
7060
6846
7009
6921
6970
6889
7024
7031
6777
6901
6891
6943
7005
7045
6985
7075
6850
7001
6973
6962
6906
6968
7004
6985
6978
7042
6993
6933
6963
6985
7042
6946
6920
6974
6922
6946
6980
6956
6907
7019
7075
7060
7001
6973
6986
6945
7091
6982
6886
7012
6955
7020
6976
7039
6951
6962
7021
6992
7005
7003
7032
7029
6988
6907
7077
7007
7039
7003
6915
6866
6923
7099
6937
6924
7003
7088
6952
7031
7056
6972
6996
7012
7014
6977
7002
7027
6970
7021
7015
7099
6999
6974
6938
7105
6958
6972
7016
6939
6956
7062
6892
6953
6965
7019
7012
7079
6950
7019
7145
6955
7065
6976
6977
7103
7050
7053
7021
6965
7113
6984
6985
7079
7100
7013
6909
7023
6993
7078
7004
6997
7033
7022
6952
7000
6937
7078
7037
6996
7023
7046
6965
6973
7050
7016
6995
7070
7006
7072
7002
6990
7094
7051
6987
6988
7084
7071
7051
7033
7046
7067
7079
6982
7013
7028
7055
7069
7009
6980
6978
6973
7056
7055
7042
7072
7033
7085
6976
6946
6928
7019
7028
7143
7000
6989
7086
7120
6956
7094
7057
7084
7040
7054
6984
7116
7067
7064
7038
7072
6996
7070
7059
7065
7032
6994
7148
7106
7073
7069
7060
7063
7078
7188
6935
7058
6995
7115
